Starting CPU3
DCT Started
Incoming Data:
 -54  -79  -36   -8  -35  -37  -19  -40 
-121  -18  -23  -17  -19   -7  -21    8 
   2  -89  -27  -12  -30  -23  -39  -32 
 -20  -88  -53  -24  -46  -49  -24    2 
 -47  -17 -123  -37  -21    6    1  -20 
 -31  -12  -38  -67  -35  -45  -50  -41 
 -43  -19  -26  -92  -19  -13  -37  -61 
 -56  -59  -12  -32 -117   21   17    5 
Transformed Data:
-275  -82    4    8  -16   15   15  -21 
   5  -18  -54  -28   58   15  -11    4 
   5  -14  -23  -46  -63   17   29   -1 
 -22   26  -12   27   -7  -55  -54   10 
  -1  -50   25    3   15   58   -8  -36 
 -28   51    0   17   34   25   28   54 
  -6   36   15    0   27   53   31    5 
   6    2  -11   59    2    2  -12   -7 
Incoming Data:
  18    0   18   15    3   11   19   12 
  31  -28  -21  -29  -18  -36  -10  -37 
 -74   24   18   15   10   10    5   12 
  14  -23   25    9   16   15   10   16 
  15   15   26  -22  -28  -31  -35  -25 
 -16  -35  -51   30    5   13    0   17 
   8   15    4  -21   20   17   11    9 
   5   16   18   14   51  -28  -45  -38 
Transformed Data:
  -2   14  -22   -4   11   -7    3   15 
  -2  -17   21  -12  -20   31    5   -1 
  10   23   -8   20   12   -6  -16   15 
  -4  -16   39   21   16   30    8  -22 
  23   54   -5  -13    4    3   21   22 
  73  -61   -5   -4  -18   -6    9   -7 
  17  -45  -51  -31    5  -14  -21  -38 
   3   24    2  -35  -51  -36   -7    0 
Incoming Data:
 -19  -15  -22  -22  -14  -19  -21  -15 
  -6   -6   -7    1   -8   -2  -11   -5 
  10  -29    0   18   39   17   33   12 
  16   68  -19  -19  -22  -18  -23  -25 
 -20  -24   -5  -12  -16  -17  -11    2 
 -15   -5    0  -44   30   24   42   16 
  22    9   34   61  -26  -26  -20  -14 
 -17  -17  -31  -21   -9   -6   -1   -8 
Transformed Data:
 -33   -1    3    2   -1   -1  -12    2 
 -12   -3   -2   12    6  -12   -1   -1 
 -29   -4  -14   -7   13   16    8   -9 
 -18  -15    2  -13  -14   -8   12   14 
 -69   17   24    2  -10  -28  -13  -17 
  21   62    1  -15    1    5  -15  -20 
  17  -77   -1   43   -8  -14   -3   43 
   4  -12  -30  -26   35   42   21    3 
DCT Done
DCT Started
Incoming Data:
 -21  -15  -22    2  -13   -7   -7   -7 
   4    9   14   -7  -19    3    3    3 
 -39  -50  -51  -36  -30  -32  -32  -32 
 -18  -37  -28  -32  -15  -22  -22  -22 
   5  -11   -3  -18   -9  -15  -15  -15 
 -36  -41  -35  -45  -39  -53  -53  -53 
 -43  -13   -7   -2  -34  -30  -30  -30 
 -24   -4    0   16   -8   -5   -5   -5 
Transformed Data:
-155    1  -10  -12   -1    6    1   -5 
  20  -17   19   18    2    1    3    0 
  57   -9  -15  -25  -12    4  -11  -26 
 -13   20    2   -3   -2   -3    0    3 
  54  -11   -3    8    9    1   -2    1 
 -55  -14  -15   -2    8    0   -8   -6 
 -68  -13   -7   14   16   -2   -7    2 
   6   -4   -6   -3    2    2   -5   -7 
Incoming Data:
  14   11   11   10   12   10   10   10 
 -23  -13  -34  -36  -15  -16  -16  -16 
   6    7    3   15    7    9    9    9 
  12   21   21   18   16   14   14   14 
 -35  -24  -38  -27  -36  -39  -39  -39 
   4   13    7   10    6    6    6    6 
  16   23   20   11   15   21   21   21 
 -22  -37  -14  -43  -17  -19  -19  -19 
Transformed Data:
 -19   -3    3    1   -6  -10   -4    1 
  16    0   -1    3    5   -2  -10   -9 
  -3  -12    8    9   -3   -3   11   15 
  10   10   -2   -4    0   -1   -8   -9 
 -44    6   -5   -4    1    3    6    7 
 142    4   -4   -8   -2    5    3   -3 
  26    1   -7   -4    5    9    4    0 
 -29    3   -2   -2    3    5   -3   -7 
Incoming Data:
 -21  -15  -17  -15  -17  -15  -15  -15 
  -9   -7    1   -1   -8   -6   -6   -6 
  28   28   25    2   28   19   19   19 
 -21  -21  -24  -23  -20  -18  -18  -18 
  -7   -7   -6   -6   -9  -15  -15  -15 
  41   32   31   35   29   35   35   35 
 -22  -28  -29  -20  -22  -26  -26  -26 
  -2   -3  -19   -1  -13    2    2    2 
Transformed Data:
 -26    0    4    3    1    0   -2   -3 
  -8    2   -5   -6   -8   -8    3   10 
 -33  -10    0   -1    0    4   -3  -10 
   6    3   -8   -6    3    6    0   -4 
 -76   -6   -1   -1   -1    1   -5   -9 
 -53   -5    0    4    1   -5   -2    3 
 116   -1   11    7   -4   -6    0    2 
 -20   10   -3    0    0   -8   -2    8 
DCT Done
DCT Started
Incoming Data:
  -3  -44  -38  -27    8  -74  -27  -37 
 -32  -30  -48  -43  -29  -86  -20  -57 
  -1  -24   -5  -22  -41  -43 -122    0 
  -1   13   -5  -24   -4    7  -37  -71 
  -9  -30  -15  -45  -36  -40  -47  -96 
   4   -2  -16  -51  -35  -13    4  -51 
   4   -2  -16  -51  -35  -13    4  -51 
   4   -2  -16  -51  -35  -13    4  -51 
Transformed Data:
-221   90   16   41  -22    4   -8   36 
 -45    2  -25  -41   81  -19   -5    7 
   0  -38   28   -5   17   17  -37   26 
  -8  -16    0   22  -10   29  -35   32 
  10   10  -30   26   -7    8   -8   12 
  49    1   -6    8    4  -18   18  -12 
  16    3   12  -19   27  -18   38  -16 
 -34   16    0  -25   34   -6   35   -6 
Incoming Data:
 -34  -22  -19    1  -77   34   14    3 
  15    7    3    7   12  -24   16   13 
  14   18   19   15    9   18   30  -21 
 -24  -30  -36  -18  -14  -42  -52   33 
   5   15   10    2   13    7    9  -19 
  19   19    9   10   11   13   15   14 
  19   19    9   10   11   13   15   14 
  19   19    9   10   11   13   15   14 
Transformed Data:
  30   -7   16   -4   -6    8   -8  -15 
 -54  -21    3  -13  -13   23    4  -18 
  21  -18   13    1  -28   25    5  -24 
  -6  -15    4    2  -25   12    9  -23 
 -63  -23    5  -12    1   -6   18  -26 
 -44  -25   10  -12    4   -3   20  -29 
  18   -3   -8   13  -33   17    6  -17 
  36   14  -24   25  -49   23   -6   -1 
Incoming Data:
   0   14   -9   -8    7  -39   24   41 
  25   34   34   31   22   70  -27  -19 
 -20  -23  -22  -23  -21  -20   -5  -10 
  -5   -6    0   -9   -9    3    8  -41 
  34   36   25   46    7   26   23   54 
 -25  -26  -20  -15  -17  -21  -22  -16 
 -25  -26  -20  -15  -17  -21  -22  -16 
 -25  -26  -20  -15  -17  -21  -22  -16 
Transformed Data:
 -30   -1   -3   -6    0   -1    0  -11 
  73   11    6    6  -10  -11   -5    0 
 -32   -6    2   -8   13  -19   -6   10 
  44   -9   22  -25   20   -9  -13    0 
  44  -10   27  -18    6    8  -24    9 
 -84  -21   16   -6   -1   11  -30   34 
 -74  -30   27  -19   14    4  -24   23 
  30  -23   34  -29   22   -1  -12   -3 
DCT Done
DCT Started
Incoming Data:
 -50  -38  -16  -24  -37  -24  -24  -24 
 -54  -49  -37  -30  -39  -42  -42  -42 
  21  -17   -3   -9  -16  -13  -13  -13 
 -36  -49  -46  -36  -38   -5   -5   -5 
 -10  -36  -19  -26  -24  -40  -40  -40 
-122  -29  -22    0   25   -9   -9   -9 
-122  -29  -22    0   25   -9   -9   -9 
-122  -29  -22    0   25   -9   -9   -9 
Transformed Data:
-202  -84  -79  -37  -11  -21  -16    2 
 -23   71   81   28   11   48   39   -4 
 -12  -34  -49  -32  -18  -23  -19   -3 
 -25   -9  -27  -18   -8  -12   -8    2 
 -15    7   27   10   -1   13   12   -2 
  27  -35    4    0  -12   -2   -1   -8 
  47   -1   -6   -4   -3   -4   -1    2 
  27   57   16    7   13   12   12   12 
Incoming Data:
   9   24    9    9   12   10   10   10 
  11   16   15   12   12   15   15   15 
 -41  -22  -30  -27  -18  -23  -23  -23 
   6    7   11    3   15   14   14   14 
  16   -1   13   21   10   18   18   18 
  28  -16  -26  -10  -43  -30  -30  -30 
  28  -16  -26  -10  -43  -30  -30  -30 
  28  -16  -26  -10  -43  -30  -30  -30 
Transformed Data:
 -35   31   24   11   14   20    3  -15 
  76  -48  -31  -15  -26  -38  -13   14 
 -22   30   14    3    4    4   -4   -9 
  39   14    8    2    5   10    2   -6 
  67  -14   -7   -3   -4   -5    1    5 
 -28    5    2    2   -2   -7   -4    1 
 -70    7    1    1    1   -3   -6   -4 
 -21  -14  -10   -4   -1   -2   -3   -2 
Incoming Data:
  22    4   25   27   30   21   21   21 
 -18  -20  -23  -19  -18  -18  -18  -18 
  -3   -2   -6   -4    0    6    6    6 
  38   27   21   41   15   10   10   10 
 -21  -19  -22  -23  -28  -26  -26  -26 
  -5  -11   -2  -10   -1   -4   -4   -4 
  -5  -11   -2  -10   -1   -4   -4   -4 
  -5  -11   -2  -10   -1   -4   -4   -4 
Transformed Data:
 -15    0   -4    2    8    5    4    4 
  37   -1   -4    0    6    5   -3   -7 
  13  -19   -6    3    0   -2    7   12 
  -9   -3   -6   -2    0    0    5    7 
  42   15   -6   -5    7    7   -1   -4 
  94    6   -6   -1    7    6    1    0 
  35  -13   -1    1   -2   -2    3    4 
 -39  -14    3    0   -8   -6    1    2 
DCT Done
DCT Started

