Starting CPU1Starting CPU1

Reading from file: image0.bmp
Name Send
Block Number - 1

Row 1: ( 85, 107, 143) ( 53, 114, 125) (104, 104, 142) (131, 104, 139) ( 98, 114, 129) (100, 108, 136) (121, 105, 144) ( 96, 112, 138) 
Row 2: ( 18, 117, 159) (102, 127,  98) (100, 126, 105) (101, 134,  98) (105, 124, 108) (110, 132,  90) (106, 120, 116) (125, 130,  89) 
Row 3: (103, 150,  54) ( 55,  96, 147) (107, 124, 147) (117, 142, 147) ( 91, 163, 145) (104, 142, 141) ( 82, 158, 140) ( 97, 137, 143) 
Row 4: (109, 140, 145) ( 15, 196, 116) ( 88, 106, 150) (113, 108, 134) ( 93, 105, 141) ( 89, 108, 140) (114, 104, 135) (143, 101, 140) 
Row 5: ( 91, 106, 140) (122, 102, 139) ( 15, 119, 154) ( 87, 121, 104) (102, 118,  96) (128, 117,  93) (120, 124,  90) ( 99, 134, 103) 
Row 6: ( 96, 117, 109) (106, 130,  91) ( 73, 137,  75) ( 82,  81, 151) ( 87, 155, 139) ( 81, 148, 146) ( 67, 167, 136) ( 88, 140, 149) 
Row 7: ( 82, 147, 140) (111, 134, 145) ( 94, 159, 138) ( 13, 189, 117) (123, 100, 144) (127, 101, 141) ( 99, 107, 136) ( 74, 113, 135) 
Row 8: ( 78, 111, 130) ( 79, 109, 141) (130,  95, 141) (106, 106, 139) ( 30, 110, 179) (141, 128,  98) (130, 135,  81) (122, 128,  88) 

Row 1: (117, 105, 139) (121, 112, 137) (114, 110, 136) (138, 111, 136) (124, 109, 138) (129, 111, 136) (129, 111, 136) (129, 111, 136) 
Row 2: (126, 124, 103) (135, 123, 113) (131, 135,  93) (109, 134,  91) (106, 123, 112) (127, 125, 110) (127, 125, 110) (127, 125, 110) 
Row 3: ( 84, 153, 139) ( 73, 153, 141) ( 71, 151, 135) ( 97, 127, 144) ( 93, 153, 140) ( 94, 144, 141) ( 94, 144, 141) ( 94, 144, 141) 
Row 4: (119, 106, 137) (103, 105, 146) (113, 101, 146) (108, 103, 142) (123, 106, 140) (115, 108, 139) (115, 108, 139) (115, 108, 139) 
Row 5: (123, 128,  91) (111, 126, 102) (114, 130,  87) (102, 128,  99) (109, 126,  89) (104, 121,  86) (104, 121,  86) (104, 121,  86) 
Row 6: ( 82, 165, 140) ( 83, 155, 147) ( 87, 155, 141) ( 77, 159, 145) ( 83, 154, 140) ( 68, 160, 140) ( 68, 160, 140) ( 68, 160, 140) 
Row 7: ( 96, 105, 140) (130,  97, 147) (135,  97, 143) (135, 107, 136) (105, 104, 139) (112,  99, 145) (112,  99, 145) (112,  99, 145) 
Row 8: ( 97, 130, 105) (113, 132,  89) (128, 113, 111) (130, 135,  84) (118, 119, 109) (116, 133, 109) (116, 133, 109) (116, 133, 109) 
Block Number - 2

Row 1: (114, 134,  93) ( 73, 145, 108) ( 86, 123, 107) (104, 120, 127) (108, 149,  50) ( 75,  85, 156) ( 99, 148, 146) ( 81, 166, 138) 
Row 2: ( 95, 149, 149) ( 91, 159, 142) ( 73, 159, 137) ( 79, 156, 141) ( 97, 146, 145) ( 15, 198, 116) (121, 100, 140) ( 80, 107, 138) 
Row 3: (137, 107, 139) (116, 103, 143) (135, 104, 143) (117, 104, 139) ( 96, 106, 134) ( 97, 105, 142) ( 18, 117, 158) (123, 122, 105) 
Row 4: (120, 128, 102) (133, 128,  96) (111, 134,  90) (100, 123, 108) (121, 122, 112) (120, 139,  85) ( 72, 145,  76) ( 78,  83, 154) 
Row 5: (112, 159, 140) ( 94, 159, 150) (109, 150, 143) ( 71, 171, 138) ( 94, 132, 143) ( 84, 151, 140) ( 78, 148, 142) ( 12, 182, 119) 
Row 6: (145, 101, 143) (139, 100, 143) (120, 107, 134) ( 85, 112, 135) (101, 110, 136) (125, 106, 137) (143, 105, 139) ( 86, 110, 139) 
Row 7: (145, 101, 143) (139, 100, 143) (120, 107, 134) ( 85, 112, 135) (101, 110, 136) (125, 106, 137) (143, 105, 139) ( 86, 110, 139) 
Row 8: (145, 101, 143) (139, 100, 143) (120, 107, 134) ( 85, 112, 135) (101, 110, 136) (125, 106, 137) (143, 105, 139) ( 86, 110, 139) 

Row 1: ( 75, 147, 141) ( 97, 127, 153) (108, 150, 142) (100, 152, 142) ( 87, 154, 146) (102, 146, 142) (102, 146, 142) (102, 146, 142) 
Row 2: ( 83, 109, 137) ( 89, 106, 140) (102, 104, 139) (107, 108, 137) ( 97, 109, 138) ( 96, 108, 140) ( 96, 108, 140) ( 96, 108, 140) 
Row 3: (136, 132,  85) (104, 130, 105) (117, 128,  96) (111, 129, 100) (106, 131, 109) (106, 137, 105) (106, 137, 105) (106, 137, 105) 
Row 4: ( 84, 162, 141) ( 74, 152, 140) ( 80, 145, 143) ( 82, 166, 139) ( 91, 140, 146) (125, 134, 145) (125, 134, 145) (125, 134, 145) 
Row 5: (128, 106, 141) ( 97, 110, 124) (119, 105, 137) (115, 102, 146) (114, 100, 133) (100, 100, 142) (100, 100, 142) (100, 100, 142) 
Row 6: ( 17, 118, 156) ( 96, 121, 110) ( 98, 131, 101) (127, 121, 116) (138, 135,  83) (110, 130,  97) (110, 130,  97) (110, 130,  97) 
Row 7: ( 17, 118, 156) ( 96, 121, 110) ( 98, 131, 101) (127, 121, 116) (138, 135,  83) (110, 130,  97) (110, 130,  97) (110, 130,  97) 
Row 8: ( 17, 118, 156) ( 96, 121, 110) ( 98, 131, 101) (127, 121, 116) (138, 135,  83) (110, 130,  97) (110, 130,  97) (110, 130,  97) 
End of the Image!

Done!

