Starting CPU1Starting CPU1

Reading from file: image0.bmp
Name Send
Block Number - 1

Row 1: (107,  81,  48) ( 51,  60,  30) (125, 102,  62) (148, 131,  90) (100, 102,  75) (113, 101,  66) (144, 118,  81) (111,  94,  68) 
Row 2: ( 63,   0,   0) ( 62, 124, 102) ( 69, 117,  97) ( 60, 120, 113) ( 79, 121, 100) ( 58, 135, 119) ( 90, 118,  93) ( 71, 152, 130) 
Row 3: (  0, 148, 144) ( 83,  52,   0) (135,  95, 102) (145,  98, 143) (116,  66, 154) (124,  90, 130) ( 99,  63, 136) (119,  83, 114) 
Row 4: (134,  92, 131) (  0,   0, 136) (121,  80,  50) (122, 115,  79) (112,  92,  53) (107,  87,  55) (124, 117,  73) (161, 143,  96) 
Row 5: (109,  90,  54) (139, 123,  78) ( 52,   0,   0) ( 54, 107,  76) ( 58, 128,  86) ( 80, 157, 111) ( 68, 149, 114) ( 65, 115, 111) 
Row 6: ( 71, 113,  78) ( 55, 132, 111) (  0, 107,  91) (115,  82,   0) (103,  70, 137) (108,  61, 118) ( 80,  48, 138) (118,  69, 111) 
Row 7: (101,  67, 117) (136,  97, 123) (110,  76, 150) (  0,   0, 122) (147, 121,  74) (147, 127,  80) (111, 101,  64) ( 84,  74,  49) 
Row 8: ( 82,  83,  50) ( 99,  76,  46) (149, 132,  73) (122, 106,  68) (103,   0,   0) (100, 163, 142) ( 66, 161, 144) ( 67, 151, 123) 

Row 1: (133, 117,  78) (134, 120,  94) (126, 114,  83) (150, 138, 110) (138, 123,  92) (141, 129, 101) (141, 129, 101) (141, 129, 101) 
Row 2: ( 92, 146, 121) (115, 147, 128) ( 83, 153, 145) ( 58, 134, 121) ( 84, 119,  99) (104, 141, 123) (104, 141, 123) (104, 141, 123) 
Row 3: (101,  67, 130) ( 92,  55, 119) ( 83,  58, 113) (121,  86,  96) (111,  76, 138) (113,  79, 123) (113,  79, 123) (113,  79, 123) 
Row 4: (133, 120,  82) (130,  98,  63) (139, 110,  67) (129, 106,  65) (142, 122,  86) (132, 114,  81) (132, 114,  81) (132, 114,  81) 
Row 5: ( 72, 150, 124) ( 76, 130, 109) ( 58, 142, 118) ( 63, 123, 103) ( 56, 138, 108) ( 46, 137,  94) ( 46, 137,  94) ( 46, 137,  94) 
Row 6: (100,  61, 150) (111,  60, 133) (107,  68, 137) (102,  55, 133) (101,  66, 131) ( 86,  48, 125) ( 86,  48, 125) ( 86,  48, 125) 
Row 7: (114,  95,  56) (158, 127,  77) (157, 135,  81) (147, 137,  99) (122, 105,  64) (137, 109,  62) (137, 109,  62) (137, 109,  62) 
Row 8: ( 67, 113, 102) ( 60, 139, 121) (105, 146, 103) ( 69, 159, 144) ( 92, 135, 103) ( 91, 128, 127) ( 91, 128, 127) ( 91, 128, 127) 
Block Number - 2

Row 1: ( 67, 137, 126) ( 46,  82, 105) ( 58, 103,  78) (104, 107,  91) (  0, 157, 147) (116,  70,   0) (126,  79, 135) ( 97,  61, 150) 
Row 2: (125,  73, 133) (112,  71, 147) ( 87,  55, 129) ( 98,  60, 130) (122,  79, 131) (  0,   0, 141) (138, 122,  72) ( 96,  80,  45) 
Row 3: (153, 136, 100) (138, 114,  73) (157, 132,  93) (134, 117,  75) (105,  99,  59) (118,  94,  58) ( 60,   0,   0) ( 92, 142, 115) 
Row 4: ( 85, 139, 121) ( 90, 156, 134) ( 60, 136, 124) ( 74, 116,  93) (100, 135, 113) ( 62, 147, 141) (  0, 103, 103) (116,  75,   0) 
Row 5: (130,  93, 168) (126,  67, 150) (132,  91, 149) ( 87,  49, 148) (117,  82, 103) (102,  67, 126) ( 98,  61, 115) (  0,   0, 109) 
Row 6: (167, 143,  98) (161, 138,  91) (130, 123,  85) ( 96,  85,  57) (113, 101,  70) (139, 126,  87) (160, 143, 103) (103,  84,  56) 
Row 7: (167, 143,  98) (161, 138,  91) (130, 123,  85) ( 96,  85,  57) (113, 101,  70) (139, 126,  87) (160, 143, 103) (103,  84,  56) 
Row 8: (167, 143,  98) (161, 138,  91) (130, 123,  85) ( 96,  85,  57) (113, 101,  70) (139, 126,  87) (160, 143, 103) (103,  84,  56) 

Row 1: ( 95,  59, 110) (133,  79,  96) (129,  91, 148) (121,  81, 143) (114,  65, 135) (123,  86, 135) (123,  86, 135) (123,  86, 135) 
Row 2: ( 96,  83,  51) (108,  88,  52) (118, 102,  60) (121, 108,  73) (112,  97,  65) (114,  94,  62) (114,  94,  62) (114,  94,  62) 
Row 3: ( 77, 165, 145) ( 73, 120, 110) ( 74, 140, 118) ( 73, 131, 114) ( 81, 118, 113) ( 75, 119, 124) ( 75, 119, 124) ( 75, 119, 124) 
Row 4: (103,  63, 146) ( 93,  57, 118) (103,  63, 112) ( 98,  61, 151) (118,  74, 113) (150, 111, 138) (150, 111, 138) (150, 111, 138) 
Row 5: (147, 127,  90) ( 92, 106,  67) (133, 120,  80) (141, 111,  71) (123, 120,  66) (121, 100,  53) (121, 100,  53) (121, 100,  53) 
Row 6: ( 57,   0,   0) ( 72, 112,  85) ( 62, 116, 105) (111, 138, 115) ( 77, 168, 153) ( 68, 132, 115) ( 68, 132, 115) ( 68, 132, 115) 
Row 7: ( 57,   0,   0) ( 72, 112,  85) ( 62, 116, 105) (111, 138, 115) ( 77, 168, 153) ( 68, 132, 115) ( 68, 132, 115) ( 68, 132, 115) 
Row 8: ( 57,   0,   0) ( 72, 112,  85) ( 62, 116, 105) (111, 138, 115) ( 77, 168, 153) ( 68, 132, 115) ( 68, 132, 115) ( 68, 132, 115) 
End of the Image!

Done!

