Starting CPU5
Huffman Started ! 
Meta Data Done
Incoming Data:
-275  -82    5    5  -18    4    8  -54  -14 
 -22   -1   26  -23  -28  -16   15   58 
 -46  -12  -50  -28   -6   51   25   27 
 -63   15   15  -21  -11   17   -7    3 
   0   36    6    2   15   17   15  -55 
  29    4   -1  -54   58   34    0  -11 
  59   27   25   -8   10  -36   28   53 
   2    2   31   54    5  -12   -7 
Incoming Data:
  -2   14   -2   10  -17  -22   -4   21   23 
  -4   23  -16   -8  -12   11   -7  -20 
  20   39   54   73   17  -61   -5   21 
  12   31    3   15    5   -6   16  -13 
  -5  -45    3   24  -51   -4    4   30 
 -16   -1   15    8    3  -18  -31    2 
 -35    5   -6   21  -22   22    9  -14 
 -51  -36  -21   -7  -38   -7    0 
Incoming Data:
 -33   -1  -12  -29   -3    3    2   -2   -4 
 -18  -69  -15  -14   12   -1   -1    6 
  -7    2   17   21   17   62   24  -13 
  13  -12  -12    2   -1   16  -14    2 
   1  -77    4  -12   -1  -15  -10   -8 
   8   -1   -9   12  -28    1   43  -30 
 -26   -8    5  -13   14  -17  -15  -14 
  35   42   -3  -20   43   21    3 
Block Done
Incoming Data:
-155    1   20   57  -17  -10  -12   19   -9 
 -13   54   20  -15   18   -1    6    2 
 -25    2  -11  -55  -68  -14   -3   -3 
 -12    1    1   -5    3    4   -2    8 
 -15  -13    6   -4   -7   -2    9   -3 
 -11    0  -26    0    1    8   14   -6 
  -3   16    0   -2    3    1   -8   -2 
   2    2   -7   -6    2   -5   -7 
Incoming Data:
 -19   -3   16   -3    0    3    1   -1  -12 
  10  -44   10    8    3   -6  -10    5 
   9   -2    6  142   26    4   -5   -4 
  -3   -2   -4    1  -10   -3    0   -4 
  -4    1  -29    3   -7   -8    1   -1 
  11   -9   15   -8    3   -2   -4   -2 
  -2    5    5    6   -9    7    3    9 
   3    5    4   -3    0   -3   -7 
Incoming Data:
 -26    0   -8  -33    2    4    3   -5  -10 
   6  -76    3    0   -6    1    0   -8 
  -1   -8   -6  -53  116   -5   -1   -6 
   0   -8   -2   -3    3    4    3   -1 
   0   -1  -20   10   11    4   -1    6 
  -3   10  -10    0    1    1    7   -3 
   0   -4   -5   -5   -4   -9   -2   -6 
   0   -8    0    3    2   -2    8 
Block Done
Incoming Data:
-221   90  -45    0    2   16   41  -25  -38 
  -8   10  -16   28  -41  -22    4   81 
  -5    0   10   49   16    1  -30   22 
  17  -19   -8   36   -5   17  -10   26 
  -6    3  -34   16   12    8   -7   29 
 -37    7   26  -35    8    4  -19    0 
 -25   27  -18   -8   32   12   18  -18 
  34   -6   38  -12  -16   35   -6 
Incoming Data:
  30   -7  -54   21  -21   16   -4    3  -18 
  -6  -63  -15   13  -13   -6    8  -13 
   1    4  -23  -44   18  -25    5    2 
 -28   23   -8  -15    4   25  -25  -12 
  10   -3   36   14   -8  -12    1   12 
   5  -18  -24    9   -6    4   13  -24 
  25  -33   -3   18  -23  -26   20   17 
 -49   23    6  -29  -17   -6   -1 
Incoming Data:
 -30   -1   73  -32   11   -3   -6    6   -6 
  44   44   -9    2    6    0   -1  -10 
  -8   22  -10  -84  -74  -21   27  -25 
  13  -11    0  -11   -5  -19   20  -18 
  16  -30   30  -23   27   -6    6   -9 
  -6    0   10  -13    8   -1  -19   34 
 -29   14   11  -24    0    9  -30    4 
  22   -1  -24   34   23  -12   -3 
Block Done
Incoming Data:
-202  -84  -23  -12   71  -79  -37   81  -34 
 -25  -15   -9  -49   28  -11  -21   11 
 -32  -27    7   27   47  -35   27  -18 
 -18   48  -16    2   39  -23   -8   10 
   4   -1   27   57   -6    0   -1  -12 
 -19   -4   -3   -8   13  -12   -4   16 
   7   -3   -2   12    2   -2   -1   -4 
  13   12   -1   -8    2   12   12 
Incoming Data:
 -35   31   76  -22  -48   24   11  -31   30 
  39   67   14   14  -15   14   20  -26 
   3    8  -14  -28  -70    5   -7    2 
   4  -38    3  -15  -13    4    5   -3 
   2    7  -21  -14    1    2   -4   10 
  -4   14   -9    2   -5   -2    1  -10 
  -4    1   -7    1   -6    5   -4   -3 
  -1   -2   -6    1   -4   -3   -2 
Incoming Data:
 -15    0   37   13   -1   -4    2   -4  -19 
  -9   42   -3   -6    0    8    5    6 
   3   -6   15   94   35    6   -6   -2 
   0    5    4    4   -3   -2    0   -5 
  -6  -13  -39  -14   -1   -1    7    0 
   7   -7   12    5    7    7    1    3 
   0   -2    6   -1    7   -4    1   -2 
  -8   -6    3    0    4    1    2 
Block Done
Image Done
Huffman Started ! 

