Starting CPU4
Quantization Started
Count Done
Quality Done
Income Data:
-275  -82    4    8  -16   15   15  -21 
   5  -18  -54  -28   58   15  -11    4 
   5  -14  -23  -46  -63   17   29   -1 
 -22   26  -12   27   -7  -55  -54   10 
  -1  -50   25    3   15   58   -8  -36 
 -28   51    0   17   34   25   28   54 
  -6   36   15    0   27   53   31    5 
   6    2  -11   59    2    2  -12   -7 

Output Data
-275  -82    5    5  -18    4    8  -54 
 -14  -22   -1   26  -23  -28  -16   15 
  58  -46  -12  -50  -28   -6   51   25 
  27  -63   15   15  -21  -11   17   -7 
   3    0   36    6    2   15   17   15 
 -55   29    4   -1  -54   58   34    0 
 -11   59   27   25   -8   10  -36   28 
  53    2    2   31   54    5  -12   -7 

Income Data:
  -2   14  -22   -4   11   -7    3   15 
  -2  -17   21  -12  -20   31    5   -1 
  10   23   -8   20   12   -6  -16   15 
  -4  -16   39   21   16   30    8  -22 
  23   54   -5  -13    4    3   21   22 
  73  -61   -5   -4  -18   -6    9   -7 
  17  -45  -51  -31    5  -14  -21  -38 
   3   24    2  -35  -51  -36   -7    0 

Output Data
  -2   14   -2   10  -17  -22   -4   21 
  23   -4   23  -16   -8  -12   11   -7 
 -20   20   39   54   73   17  -61   -5 
  21   12   31    3   15    5   -6   16 
 -13   -5  -45    3   24  -51   -4    4 
  30  -16   -1   15    8    3  -18  -31 
   2  -35    5   -6   21  -22   22    9 
 -14  -51  -36  -21   -7  -38   -7    0 

Income Data:
 -33   -1    3    2   -1   -1  -12    2 
 -12   -3   -2   12    6  -12   -1   -1 
 -29   -4  -14   -7   13   16    8   -9 
 -18  -15    2  -13  -14   -8   12   14 
 -69   17   24    2  -10  -28  -13  -17 
  21   62    1  -15    1    5  -15  -20 
  17  -77   -1   43   -8  -14   -3   43 
   4  -12  -30  -26   35   42   21    3 

Output Data
 -33   -1  -12  -29   -3    3    2   -2 
  -4  -18  -69  -15  -14   12   -1   -1 
   6   -7    2   17   21   17   62   24 
 -13   13  -12  -12    2   -1   16  -14 
   2    1  -77    4  -12   -1  -15  -10 
  -8    8   -1   -9   12  -28    1   43 
 -30  -26   -8    5  -13   14  -17  -15 
 -14   35   42   -3  -20   43   21    3 

Quantization Done
Income Data:
-155    1  -10  -12   -1    6    1   -5 
  20  -17   19   18    2    1    3    0 
  57   -9  -15  -25  -12    4  -11  -26 
 -13   20    2   -3   -2   -3    0    3 
  54  -11   -3    8    9    1   -2    1 
 -55  -14  -15   -2    8    0   -8   -6 
 -68  -13   -7   14   16   -2   -7    2 
   6   -4   -6   -3    2    2   -5   -7 

Output Data
-155    1   20   57  -17  -10  -12   19 
  -9  -13   54   20  -15   18   -1    6 
   2  -25    2  -11  -55  -68  -14   -3 
  -3  -12    1    1   -5    3    4   -2 
   8  -15  -13    6   -4   -7   -2    9 
  -3  -11    0  -26    0    1    8   14 
  -6   -3   16    0   -2    3    1   -8 
  -2    2    2   -7   -6    2   -5   -7 

Income Data:
 -19   -3    3    1   -6  -10   -4    1 
  16    0   -1    3    5   -2  -10   -9 
  -3  -12    8    9   -3   -3   11   15 
  10   10   -2   -4    0   -1   -8   -9 
 -44    6   -5   -4    1    3    6    7 
 142    4   -4   -8   -2    5    3   -3 
  26    1   -7   -4    5    9    4    0 
 -29    3   -2   -2    3    5   -3   -7 

Output Data
 -19   -3   16   -3    0    3    1   -1 
 -12   10  -44   10    8    3   -6  -10 
   5    9   -2    6  142   26    4   -5 
  -4   -3   -2   -4    1  -10   -3    0 
  -4   -4    1  -29    3   -7   -8    1 
  -1   11   -9   15   -8    3   -2   -4 
  -2   -2    5    5    6   -9    7    3 
   9    3    5    4   -3    0   -3   -7 

Income Data:
 -26    0    4    3    1    0   -2   -3 
  -8    2   -5   -6   -8   -8    3   10 
 -33  -10    0   -1    0    4   -3  -10 
   6    3   -8   -6    3    6    0   -4 
 -76   -6   -1   -1   -1    1   -5   -9 
 -53   -5    0    4    1   -5   -2    3 
 116   -1   11    7   -4   -6    0    2 
 -20   10   -3    0    0   -8   -2    8 

Output Data
 -26    0   -8  -33    2    4    3   -5 
 -10    6  -76    3    0   -6    1    0 
  -8   -1   -8   -6  -53  116   -5   -1 
  -6    0   -8   -2   -3    3    4    3 
  -1    0   -1  -20   10   11    4   -1 
   6   -3   10  -10    0    1    1    7 
  -3    0   -4   -5   -5   -4   -9   -2 
  -6    0   -8    0    3    2   -2    8 

Quantization Done
Income Data:
-221   90   16   41  -22    4   -8   36 
 -45    2  -25  -41   81  -19   -5    7 
   0  -38   28   -5   17   17  -37   26 
  -8  -16    0   22  -10   29  -35   32 
  10   10  -30   26   -7    8   -8   12 
  49    1   -6    8    4  -18   18  -12 
  16    3   12  -19   27  -18   38  -16 
 -34   16    0  -25   34   -6   35   -6 

Output Data
-221   90  -45    0    2   16   41  -25 
 -38   -8   10  -16   28  -41  -22    4 
  81   -5    0   10   49   16    1  -30 
  22   17  -19   -8   36   -5   17  -10 
  26   -6    3  -34   16   12    8   -7 
  29  -37    7   26  -35    8    4  -19 
   0  -25   27  -18   -8   32   12   18 
 -18   34   -6   38  -12  -16   35   -6 

Income Data:
  30   -7   16   -4   -6    8   -8  -15 
 -54  -21    3  -13  -13   23    4  -18 
  21  -18   13    1  -28   25    5  -24 
  -6  -15    4    2  -25   12    9  -23 
 -63  -23    5  -12    1   -6   18  -26 
 -44  -25   10  -12    4   -3   20  -29 
  18   -3   -8   13  -33   17    6  -17 
  36   14  -24   25  -49   23   -6   -1 

Output Data
  30   -7  -54   21  -21   16   -4    3 
 -18   -6  -63  -15   13  -13   -6    8 
 -13    1    4  -23  -44   18  -25    5 
   2  -28   23   -8  -15    4   25  -25 
 -12   10   -3   36   14   -8  -12    1 
  12    5  -18  -24    9   -6    4   13 
 -24   25  -33   -3   18  -23  -26   20 
  17  -49   23    6  -29  -17   -6   -1 

Income Data:
 -30   -1   -3   -6    0   -1    0  -11 
  73   11    6    6  -10  -11   -5    0 
 -32   -6    2   -8   13  -19   -6   10 
  44   -9   22  -25   20   -9  -13    0 
  44  -10   27  -18    6    8  -24    9 
 -84  -21   16   -6   -1   11  -30   34 
 -74  -30   27  -19   14    4  -24   23 
  30  -23   34  -29   22   -1  -12   -3 

Output Data
 -30   -1   73  -32   11   -3   -6    6 
  -6   44   44   -9    2    6    0   -1 
 -10   -8   22  -10  -84  -74  -21   27 
 -25   13  -11    0  -11   -5  -19   20 
 -18   16  -30   30  -23   27   -6    6 
  -9   -6    0   10  -13    8   -1  -19 
  34  -29   14   11  -24    0    9  -30 
   4   22   -1  -24   34   23  -12   -3 

Quantization Done
Income Data:
-202  -84  -79  -37  -11  -21  -16    2 
 -23   71   81   28   11   48   39   -4 
 -12  -34  -49  -32  -18  -23  -19   -3 
 -25   -9  -27  -18   -8  -12   -8    2 
 -15    7   27   10   -1   13   12   -2 
  27  -35    4    0  -12   -2   -1   -8 
  47   -1   -6   -4   -3   -4   -1    2 
  27   57   16    7   13   12   12   12 

Output Data
-202  -84  -23  -12   71  -79  -37   81 
 -34  -25  -15   -9  -49   28  -11  -21 
  11  -32  -27    7   27   47  -35   27 
 -18  -18   48  -16    2   39  -23   -8 
  10    4   -1   27   57   -6    0   -1 
 -12  -19   -4   -3   -8   13  -12   -4 
  16    7   -3   -2   12    2   -2   -1 
  -4   13   12   -1   -8    2   12   12 

Income Data:
 -35   31   24   11   14   20    3  -15 
  76  -48  -31  -15  -26  -38  -13   14 
 -22   30   14    3    4    4   -4   -9 
  39   14    8    2    5   10    2   -6 
  67  -14   -7   -3   -4   -5    1    5 
 -28    5    2    2   -2   -7   -4    1 
 -70    7    1    1    1   -3   -6   -4 
 -21  -14  -10   -4   -1   -2   -3   -2 

Output Data
 -35   31   76  -22  -48   24   11  -31 
  30   39   67   14   14  -15   14   20 
 -26    3    8  -14  -28  -70    5   -7 
   2    4  -38    3  -15  -13    4    5 
  -3    2    7  -21  -14    1    2   -4 
  10   -4   14   -9    2   -5   -2    1 
 -10   -4    1   -7    1   -6    5   -4 
  -3   -1   -2   -6    1   -4   -3   -2 

Income Data:
 -15    0   -4    2    8    5    4    4 
  37   -1   -4    0    6    5   -3   -7 
  13  -19   -6    3    0   -2    7   12 
  -9   -3   -6   -2    0    0    5    7 
  42   15   -6   -5    7    7   -1   -4 
  94    6   -6   -1    7    6    1    0 
  35  -13   -1    1   -2   -2    3    4 
 -39  -14    3    0   -8   -6    1    2 

Output Data
 -15    0   37   13   -1   -4    2   -4 
 -19   -9   42   -3   -6    0    8    5 
   6    3   -6   15   94   35    6   -6 
  -2    0    5    4    4   -3   -2    0 
  -5   -6  -13  -39  -14   -1   -1    7 
   0    7   -7   12    5    7    7    1 
   3    0   -2    6   -1    7   -4    1 
  -2   -8   -6    3    0    4    1    2 

Quantization Done

 Done ! 
Quantization Started

